BASELINE: ------------------------>
STR ACCURACY MEAN
[0.0, 0.0, 0.0, 0.0, 0.0, 0.0, 0.0, 0.0, 0.0, 0.0, 0.0, 0.0, 0.0, 0.0, 0.0, 0.0, 0.0, 0.0, 0.0, 0.0, 0.0, 0.0, 0.0, 0.0, 0.0, 0.0, 0.0, 0.0, 0.0, 0.0, 0.0, 0.0, 0.0, 0.0, 0.0, 0.0, 0.0, 0.0, 0.0, 0.0, 0.0, 0.0, 0.0, 0.0, 0.0, 0.0, 0.0, 0.0, 0.0, 0.0, 0.0, 0.0, 0.0, 0.0, 0.0, 0.0, 0.0, 0.0, 0.0, 0.0, 0.0, 0.0, 0.0, 0.0, 0.0, 0.0, 0.0, 0.0, 0.0, 0.0, 0.0, 0.0, 0.0, 0.0, 0.0, 0.0, 0.0, 0.0, 0.0, 0.0, 0.0, 0.0, 0.0, 0.0, 0.0]
STR ACCURACY STD
[0.0, 0.0, 0.0, 0.0, 0.0, 0.0, 0.0, 0.0, 0.0, 0.0, 0.0, 0.0, 0.0, 0.0, 0.0, 0.0, 0.0, 0.0, 0.0, 0.0, 0.0, 0.0, 0.0, 0.0, 0.0, 0.0, 0.0, 0.0, 0.0, 0.0, 0.0, 0.0, 0.0, 0.0, 0.0, 0.0, 0.0, 0.0, 0.0, 0.0, 0.0, 0.0, 0.0, 0.0, 0.0, 0.0, 0.0, 0.0, 0.0, 0.0, 0.0, 0.0, 0.0, 0.0, 0.0, 0.0, 0.0, 0.0, 0.0, 0.0, 0.0, 0.0, 0.0, 0.0, 0.0, 0.0, 0.0, 0.0, 0.0, 0.0, 0.0, 0.0, 0.0, 0.0, 0.0, 0.0, 0.0, 0.0, 0.0, 0.0, 0.0, 0.0, 0.0, 0.0, 0.0]
CHAR ACCURACY
[0.044444444444444446, 0.03125, 0.04411764705882353, 0.048611111111111126, 0.02631578947368421, 0.04791666666666667, 0.031746031746031744, 0.028409090909090908, 0.052536231884057955, 0.03993055555555555, 0.03333333333333333, 0.030448717948717948, 0.04012345679012345, 0.034226190476190466, 0.03591954022988505, 0.03472222222222222, 0.037634408602150525, 0.044270833333333336, 0.041666666666666664, 0.02696078431372549, 0.03333333333333334, 0.04398148148148148, 0.040540540540540536, 0.044956140350877194, 0.03632478632478633, 0.03229166666666667, 0.03556910569105692, 0.02777777777777778, 0.04651162790697674, 0.03787878787878787, 0.035185185185185174, 0.048913043478260865, 0.03546099290780142, 0.036458333333333336, 0.03231292517006804, 0.040000000000000015, 0.04411764705882353, 0.041666666666666664, 0.04481132075471698, 0.030092592592592587, 0.03181818181818182, 0.027529761904761904, 0.04166666666666666, 0.020114942528735632, 0.03601694915254238, 0.029166666666666674, 0.03210382513661202, 0.02956989247311827, 0.035714285714285705, 0.02734375, 0.03141025641025641, 0.030934343434343425, 0.027363184079601987, 0.02818627450980392, 0.03140096618357487, 0.03273809523809523, 0.02288732394366197, 0.026041666666666668, 0.02511415525114155, 0.030968468468468475, 0.026111111111111102, 0.025767543859649123, 0.021103896103896107, 0.03098290598290598, 0.02320675105485232, 0.020312500000000004, 0.026234567901234563, 0.02235772357723578, 0.025100401606425706, 0.02728174603174603, 0.020588235294117647, 0.01647286821705426, 0.03065134099616858, 0.020833333333333325, 0.021535580524344577, 0.022685185185185187, 0.020604395604395604, 0.01902173913043478, 0.020609318996415767, 0.018173758865248225, 0.016228070175438602, 0.020399305555555556, 0.023625429553264608, 0.01998299319727891, 0.021885521885521887]

MASK: ------------------------>
STR ACCURACY MEAN
[0.0, 0.0, 0.0, 0.0, 0.0, 0.0, 0.0, 0.0, 0.0, 0.0, 0.0, 0.0, 0.0, 0.0, 0.0, 0.0, 0.0, 0.0, 0.0, 0.0, 0.0, 0.0, 0.0, 0.0, 0.0, 0.0, 0.0, 0.0, 0.0, 0.0, 0.0, 0.0, 0.0, 0.0, 0.0, 0.0, 0.0, 0.0, 0.0, 0.0, 0.0, 0.0, 0.0, 0.0, 0.0, 0.0, 0.0, 0.0, 0.0, 0.0, 0.0, 0.0, 0.0, 0.0, 0.0, 0.0, 0.0, 0.0, 0.0, 0.0, 0.0, 0.0, 0.0, 0.0, 0.0, 0.0, 0.0, 0.0, 0.0, 0.0, 0.0, 0.0, 0.0, 0.0, 0.0, 0.0, 0.0, 0.0, 0.0, 0.0, 0.0, 0.0, 0.0, 0.0, 0.0]
STR ACCURACY STD
[0.0, 0.0, 0.0, 0.0, 0.0, 0.0, 0.0, 0.0, 0.0, 0.0, 0.0, 0.0, 0.0, 0.0, 0.0, 0.0, 0.0, 0.0, 0.0, 0.0, 0.0, 0.0, 0.0, 0.0, 0.0, 0.0, 0.0, 0.0, 0.0, 0.0, 0.0, 0.0, 0.0, 0.0, 0.0, 0.0, 0.0, 0.0, 0.0, 0.0, 0.0, 0.0, 0.0, 0.0, 0.0, 0.0, 0.0, 0.0, 0.0, 0.0, 0.0, 0.0, 0.0, 0.0, 0.0, 0.0, 0.0, 0.0, 0.0, 0.0, 0.0, 0.0, 0.0, 0.0, 0.0, 0.0, 0.0, 0.0, 0.0, 0.0, 0.0, 0.0, 0.0, 0.0, 0.0, 0.0, 0.0, 0.0, 0.0, 0.0, 0.0, 0.0, 0.0, 0.0, 0.0]
CHAR ACCURACY
[0.6666666666666666, 0.6432291666666666, 0.6666666666666666, 0.6134259259259258, 0.6315789473684211, 0.6125000000000002, 0.5892857142857142, 0.571969696969697, 0.5670289855072463, 0.548611111111111, 0.5866666666666666, 0.5512820512820512, 0.5756172839506172, 0.5416666666666666, 0.5373563218390803, 0.5277777777777777, 0.5349462365591398, 0.5, 0.49747474747474746, 0.465686274509804, 0.45714285714285713, 0.48958333333333326, 0.4898648648648649, 0.4594298245614035, 0.45512820512820523, 0.43750000000000006, 0.4471544715447155, 0.41369047619047633, 0.42538759689922473, 0.41477272727272724, 0.41574074074074074, 0.43115942028985516, 0.40780141843971623, 0.4045138888888889, 0.3835034013605443, 0.39250000000000007, 0.3864379084967322, 0.38221153846153855, 0.35455974842767296, 0.3680555555555556, 0.38787878787878793, 0.3288690476190476, 0.3545321637426901, 0.3491379310344828, 0.3446327683615819, 0.33958333333333335, 0.30942622950819665, 0.30510752688172044, 0.3234126984126983, 0.3053385416666667, 0.29935897435897435, 0.28851010101010105, 0.27860696517412936, 0.2849264705882352, 0.28140096618357485, 0.29226190476190467, 0.27464788732394363, 0.2708333333333333, 0.2665525114155252, 0.276463963963964, 0.26499999999999996, 0.2456140350877193, 0.24729437229437232, 0.2462606837606838, 0.22995780590717307, 0.2369791666666667, 0.2242798353909465, 0.2322154471544716, 0.2299196787148594, 0.2321428571428572, 0.22598039215686275, 0.2122093023255814, 0.21072796934865903, 0.20880681818181812, 0.19382022471910113, 0.19953703703703707, 0.19826007326007325, 0.19972826086956522, 0.189516129032258, 0.17774822695035455, 0.18157894736842103, 0.17361111111111113, 0.16194158075601373, 0.17474489795918366, 0.1531986531986532]


ZERO: ------------------------>
STR ACCURACY MEAN
[0.0, 0.08333333333333333, 0.0, 0.0, 0.0, 0.0, 0.0, 0.0, 0.0, 0.0, 0.0, 0.0, 0.0, 0.0, 0.0, 0.0, 0.0, 0.0, 0.0, 0.0, 0.0, 0.0, 0.0, 0.0, 0.0, 0.0, 0.0, 0.0, 0.0, 0.0, 0.0, 0.0, 0.0, 0.0, 0.0, 0.0, 0.0, 0.0, 0.0, 0.0, 0.0, 0.0, 0.0, 0.0, 0.0, 0.0, 0.0, 0.0, 0.0, 0.0, 0.0, 0.0, 0.0, 0.0, 0.0, 0.0, 0.0, 0.0, 0.0, 0.0, 0.0, 0.0, 0.0, 0.0, 0.0, 0.0, 0.0, 0.0, 0.0, 0.0, 0.0, 0.0, 0.0, 0.0, 0.0, 0.0, 0.0, 0.0, 0.0, 0.0, 0.0, 0.0, 0.0, 0.0, 0.0]
STR ACCURACY STD
[0.0, 0.05892556509887896, 0.0, 0.0, 0.0, 0.0, 0.0, 0.0, 0.0, 0.0, 0.0, 0.0, 0.0, 0.0, 0.0, 0.0, 0.0, 0.0, 0.0, 0.0, 0.0, 0.0, 0.0, 0.0, 0.0, 0.0, 0.0, 0.0, 0.0, 0.0, 0.0, 0.0, 0.0, 0.0, 0.0, 0.0, 0.0, 0.0, 0.0, 0.0, 0.0, 0.0, 0.0, 0.0, 0.0, 0.0, 0.0, 0.0, 0.0, 0.0, 0.0, 0.0, 0.0, 0.0, 0.0, 0.0, 0.0, 0.0, 0.0, 0.0, 0.0, 0.0, 0.0, 0.0, 0.0, 0.0, 0.0, 0.0, 0.0, 0.0, 0.0, 0.0, 0.0, 0.0, 0.0, 0.0, 0.0, 0.0, 0.0, 0.0, 0.0, 0.0, 0.0, 0.0, 0.0]
CHAR ACCURACY
[0.8472222222222223, 0.84375, 0.8284313725490199, 0.8009259259259259, 0.7741228070175437, 0.78125, 0.7936507936507938, 0.7727272727272729, 0.7590579710144928, 0.78125, 0.7316666666666668, 0.7467948717948718, 0.7361111111111108, 0.7425595238095237, 0.7442528735632185, 0.7458333333333335, 0.7016129032258065, 0.7083333333333334, 0.7083333333333331, 0.6874999999999999, 0.6571428571428569, 0.6990740740740741, 0.661036036036036, 0.6469298245614036, 0.6399572649572648, 0.6416666666666667, 0.6128048780487805, 0.6289682539682538, 0.637596899224806, 0.6335227272727274, 0.5999999999999998, 0.6068840579710145, 0.6108156028368793, 0.5677083333333334, 0.58843537414966, 0.5666666666666668, 0.5539215686274509, 0.5721153846153847, 0.5471698113207547, 0.5223765432098766, 0.5166666666666666, 0.49999999999999983, 0.5321637426900584, 0.5395114942528736, 0.5049435028248588, 0.48819444444444443, 0.4754098360655737, 0.49126344086021506, 0.48148148148148157, 0.490234375, 0.4596153846153846, 0.4747474747474747, 0.45398009950248747, 0.44607843137254916, 0.4667874396135266, 0.4255952380952382, 0.4272300469483569, 0.41550925925925924, 0.4092465753424657, 0.40990990990990994, 0.40111111111111114, 0.3887061403508773, 0.3658008658008658, 0.3936965811965813, 0.38607594936708867, 0.3828125, 0.37294238683127573, 0.3572154471544715, 0.34236947791164657, 0.3328373015873015, 0.35637254901960774, 0.3565891472868217, 0.325191570881226, 0.3314393939393939, 0.3380149812734082, 0.323611111111111, 0.31913919413919406, 0.3079710144927537, 0.3230286738351253, 0.3049645390070922, 0.30219298245614035, 0.28862847222222227, 0.28780068728522334, 0.2831632653061224, 0.28409090909090906]


CYCLE_BLOCK_4: ------------------------>
[0.08333333333333333, 0.16666666666666666, 0.041666666666666664, 0.0, 0.0, 0.0, 0.0, 0.0, 0.0, 0.0, 0.0, 0.0, 0.0, 0.0, 0.0, 0.0, 0.0, 0.0, 0.0, 0.0, 0.0, 0.0, 0.0, 0.0, 0.0, 0.0, 0.0, 0.0, 0.0, 0.0, 0.0, 0.0, 0.0, 0.0, 0.0, 0.0, 0.0, 0.0, 0.0, 0.0, 0.0, 0.0, 0.0, 0.0, 0.0, 0.0, 0.0, 0.0, 0.0, 0.0, 0.0, 0.0, 0.0, 0.0, 0.0, 0.0, 0.0, 0.0, 0.0, 0.0, 0.0, 0.0, 0.0, 0.0, 0.0, 0.0, 0.0, 0.0, 0.0, 0.0, 0.0, 0.0, 0.0, 0.0, 0.0, 0.0, 0.0, 0.0, 0.0, 0.0, 0.0, 0.0, 0.0, 0.0, 0.0]
STR ACCURACY STD
[0.11785113019775792, 0.11785113019775792, 0.05892556509887896, 0.0, 0.0, 0.0, 0.0, 0.0, 0.0, 0.0, 0.0, 0.0, 0.0, 0.0, 0.0, 0.0, 0.0, 0.0, 0.0, 0.0, 0.0, 0.0, 0.0, 0.0, 0.0, 0.0, 0.0, 0.0, 0.0, 0.0, 0.0, 0.0, 0.0, 0.0, 0.0, 0.0, 0.0, 0.0, 0.0, 0.0, 0.0, 0.0, 0.0, 0.0, 0.0, 0.0, 0.0, 0.0, 0.0, 0.0, 0.0, 0.0, 0.0, 0.0, 0.0, 0.0, 0.0, 0.0, 0.0, 0.0, 0.0, 0.0, 0.0, 0.0, 0.0, 0.0, 0.0, 0.0, 0.0, 0.0, 0.0, 0.0, 0.0, 0.0, 0.0, 0.0, 0.0, 0.0, 0.0, 0.0, 0.0, 0.0, 0.0, 0.0, 0.0]
CHAR ACCURACY
[0.8750000000000001, 0.875, 0.8504901960784316, 0.8449074074074074, 0.8245614035087719, 0.8020833333333331, 0.8035714285714288, 0.7973484848484849, 0.766304347826087, 0.7847222222222222, 0.7533333333333333, 0.7708333333333334, 0.7623456790123458, 0.769345238095238, 0.7140804597701148, 0.7263888888888889, 0.7204301075268815, 0.6888020833333334, 0.6994949494949494, 0.6629901960784311, 0.6523809523809522, 0.6724537037037036, 0.6745495495495496, 0.6469298245614036, 0.6399572649572648, 0.61875, 0.6067073170731708, 0.6289682539682538, 0.5939922480620153, 0.6202651515151515, 0.5925925925925924, 0.5715579710144928, 0.5948581560283687, 0.5703125, 0.5569727891156463, 0.5433333333333333, 0.5678104575163397, 0.5472756410256412, 0.5463836477987422, 0.5324074074074073, 0.5242424242424241, 0.5163690476190476, 0.5073099415204679, 0.5280172413793102, 0.48940677966101703, 0.5055555555555556, 0.47472677595628426, 0.4952956989247311, 0.49470899470899465, 0.478515625, 0.453846153846154, 0.476010101010101, 0.4645522388059702, 0.4509803921568627, 0.4565217391304348, 0.47678571428571437, 0.43485915492957744, 0.4363425925925926, 0.44292237442922366, 0.41835585585585583, 0.41944444444444445, 0.42214912280701755, 0.42694805194805197, 0.4188034188034189, 0.39978902953586504, 0.39895833333333325, 0.3986625514403292, 0.38109756097560976, 0.3845381526104417, 0.3923611111111111, 0.3759803921568628, 0.3662790697674418, 0.35392720306513414, 0.371685606060606, 0.37031835205992514, 0.36481481481481476, 0.3736263736263737, 0.3645833333333333, 0.37499999999999983, 0.35283687943262404, 0.36271929824561405, 0.3472222222222224, 0.3350515463917525, 0.3465136054421769, 0.32070707070707066]

CYCLE_BLOCK_10: ------------------------>
[0.625, 0.5833333333333334, 0.625, 0.625, 0.4166666666666667, 0.4166666666666667, 0.4166666666666667, 0.4166666666666667, 0.16666666666666666, 0.2916666666666667, 0.20833333333333334, 0.5, 0.125, 0.041666666666666664, 0.041666666666666664, 0.08333333333333333, 0.041666666666666664, 0.041666666666666664, 0.041666666666666664, 0.0, 0.041666666666666664, 0.0, 0.0, 0.0, 0.0, 0.0, 0.0, 0.0, 0.0, 0.0, 0.0, 0.0, 0.0, 0.0, 0.0, 0.0, 0.0, 0.0, 0.0, 0.0, 0.0, 0.0, 0.0, 0.0, 0.0, 0.0, 0.0, 0.0, 0.0, 0.0, 0.0, 0.0, 0.0, 0.0, 0.0, 0.0, 0.0, 0.0, 0.0, 0.0, 0.0, 0.0, 0.0, 0.0, 0.0, 0.0, 0.0, 0.0, 0.0, 0.0, 0.0, 0.0, 0.0, 0.0, 0.0, 0.0, 0.0, 0.0, 0.0, 0.0, 0.0, 0.0, 0.0, 0.0, 0.0]
STR ACCURACY STD
[0.1767766952966369, 0.15590239111558088, 0.10206207261596575, 0.1767766952966369, 0.31180478223116176, 0.11785113019775792, 0.15590239111558088, 0.15590239111558088, 0.15590239111558088, 0.23570226039551584, 0.05892556509887896, 0.10206207261596575, 0.0, 0.05892556509887896, 0.05892556509887896, 0.05892556509887896, 0.05892556509887896, 0.05892556509887896, 0.05892556509887896, 0.0, 0.05892556509887896, 0.0, 0.0, 0.0, 0.0, 0.0, 0.0, 0.0, 0.0, 0.0, 0.0, 0.0, 0.0, 0.0, 0.0, 0.0, 0.0, 0.0, 0.0, 0.0, 0.0, 0.0, 0.0, 0.0, 0.0, 0.0, 0.0, 0.0, 0.0, 0.0, 0.0, 0.0, 0.0, 0.0, 0.0, 0.0, 0.0, 0.0, 0.0, 0.0, 0.0, 0.0, 0.0, 0.0, 0.0, 0.0, 0.0, 0.0, 0.0, 0.0, 0.0, 0.0, 0.0, 0.0, 0.0, 0.0, 0.0, 0.0, 0.0, 0.0, 0.0, 0.0, 0.0, 0.0, 0.0]
CHAR ACCURACY
[0.9666666666666668, 0.9609375, 0.9779411764705883, 0.9722222222222222, 0.956140350877193, 0.9583333333333331, 0.9523809523809526, 0.9469696969696968, 0.9239130434782608, 0.9461805555555557, 0.9416666666666669, 0.9535256410256411, 0.9212962962962963, 0.9166666666666666, 0.9152298850574713, 0.9097222222222222, 0.9099462365591399, 0.9127604166666666, 0.9090909090909091, 0.8995098039215685, 0.8904761904761908, 0.8854166666666666, 0.875, 0.8815789473684209, 0.8600427350427354, 0.8531249999999999, 0.8546747967479678, 0.8353174603174605, 0.8401162790697674, 0.8323863636363636, 0.8185185185185189, 0.8269927536231885, 0.8147163120567376, 0.798611111111111, 0.7891156462585034, 0.8025000000000002, 0.7826797385620918, 0.7996794871794871, 0.778301886792453, 0.7739197530864198, 0.7704545454545455, 0.7686011904761906, 0.7375730994152044, 0.7227011494252875, 0.7266949152542374, 0.7041666666666665, 0.7144808743169397, 0.7190860215053764, 0.7149470899470898, 0.705078125, 0.6903846153846153, 0.6698232323232324, 0.6834577114427861, 0.6562499999999999, 0.6557971014492755, 0.6529761904761903, 0.6467136150234742, 0.6226851851851852, 0.6050228310502285, 0.6233108108108109, 0.6094444444444445, 0.6036184210526315, 0.5909090909090908, 0.6014957264957262, 0.5675105485232067, 0.5848958333333333, 0.5817901234567903, 0.5828252032520324, 0.5758032128514057, 0.5515873015873017, 0.5397058823529411, 0.5431201550387598, 0.521551724137931, 0.508996212121212, 0.525749063670412, 0.5324074074074073, 0.5077838827838828, 0.5090579710144928, 0.4843189964157706, 0.48448581560283693, 0.4824561403508771, 0.4865451388888888, 0.48024054982817876, 0.4634353741496599, 0.4701178451178451]

CYCLE_BLOCK_20: ------------------------>
[0.9166666666666666, 0.875, 0.7083333333333334, 0.7916666666666666, 0.75, 0.7916666666666666, 0.7083333333333334, 0.5, 0.4583333333333333, 0.375, 0.4166666666666667, 0.5, 0.25, 0.2916666666666667, 0.4583333333333333, 0.25, 0.25, 0.20833333333333334, 0.16666666666666666, 0.0, 0.125, 0.041666666666666664, 0.08333333333333333, 0.041666666666666664, 0.0, 0.0, 0.08333333333333333, 0.0, 0.0, 0.0, 0.0, 0.0, 0.041666666666666664, 0.0, 0.0, 0.0, 0.0, 0.0, 0.0, 0.0, 0.0, 0.0, 0.0, 0.0, 0.0, 0.0, 0.0, 0.0, 0.0, 0.0, 0.0, 0.0, 0.0, 0.0, 0.0, 0.0, 0.0, 0.0, 0.0, 0.0, 0.0, 0.0, 0.0, 0.0, 0.0, 0.0, 0.0, 0.0, 0.0, 0.0, 0.0, 0.0, 0.0, 0.0, 0.0, 0.0, 0.0, 0.0, 0.0, 0.0, 0.0, 0.0, 0.0, 0.0, 0.0]
STR ACCURACY STD
[0.05892556509887896, 0.0, 0.21245914639969937, 0.15590239111558088, 0.1767766952966369, 0.11785113019775792, 0.11785113019775792, 0.10206207261596575, 0.11785113019775792, 0.10206207261596575, 0.05892556509887896, 0.10206207261596575, 0.0, 0.05892556509887896, 0.2568505834570407, 0.10206207261596575, 0.10206207261596575, 0.15590239111558088, 0.05892556509887896, 0.0, 0.10206207261596575, 0.05892556509887896, 0.11785113019775792, 0.05892556509887896, 0.0, 0.0, 0.11785113019775792, 0.0, 0.0, 0.0, 0.0, 0.0, 0.05892556509887896, 0.0, 0.0, 0.0, 0.0, 0.0, 0.0, 0.0, 0.0, 0.0, 0.0, 0.0, 0.0, 0.0, 0.0, 0.0, 0.0, 0.0, 0.0, 0.0, 0.0, 0.0, 0.0, 0.0, 0.0, 0.0, 0.0, 0.0, 0.0, 0.0, 0.0, 0.0, 0.0, 0.0, 0.0, 0.0, 0.0, 0.0, 0.0, 0.0, 0.0, 0.0, 0.0, 0.0, 0.0, 0.0, 0.0, 0.0, 0.0, 0.0, 0.0, 0.0, 0.0]
CHAR ACCURACY
[0.9944444444444445, 0.9921875, 0.9803921568627452, 0.9861111111111112, 0.9868421052631579, 0.9895833333333331, 0.9841269841269842, 0.9734848484848483, 0.9565217391304349, 0.9600694444444445, 0.9600000000000003, 0.9695512820512819, 0.9598765432098767, 0.9613095238095238, 0.9640804597701148, 0.9472222222222221, 0.9596774193548386, 0.9583333333333334, 0.948232323232323, 0.9301470588235293, 0.9250000000000002, 0.929398148148148, 0.911036036036036, 0.9111842105263158, 0.8952991452991456, 0.9041666666666667, 0.910569105691057, 0.8878968253968255, 0.9098837209302326, 0.887310606060606, 0.8712962962962965, 0.881340579710145, 0.88031914893617, 0.8706597222222222, 0.8588435374149661, 0.8508333333333332, 0.8594771241830067, 0.8405448717948719, 0.8522012578616353, 0.8479938271604938, 0.8242424242424242, 0.8422619047619047, 0.8238304093567251, 0.8182471264367815, 0.7937853107344632, 0.8055555555555555, 0.8189890710382514, 0.788978494623656, 0.7949735449735452, 0.7942708333333334, 0.7615384615384618, 0.7582070707070706, 0.7624378109452737, 0.7481617647058822, 0.7324879227053139, 0.7386904761904761, 0.7347417840375589, 0.7181712962962963, 0.7260273972602738, 0.7004504504504503, 0.6944444444444443, 0.6831140350877193, 0.7023809523809522, 0.6655982905982903, 0.6766877637130801, 0.6572916666666665, 0.6718106995884775, 0.6722560975609756, 0.6556224899598393, 0.6364087301587302, 0.630392156862745, 0.6477713178294573, 0.6020114942528737, 0.5989583333333335, 0.6212546816479402, 0.6185185185185184, 0.6007326007326005, 0.5670289855072465, 0.5869175627240144, 0.5886524822695036, 0.581140350877193, 0.5659722222222222, 0.5640034364261167, 0.5578231292517006, 0.539983164983165]
